0 0.96171875 0.5359375 0.053125 0.05
0 0.90546875 0.5640625 0.0375 0.0421875
0 0.80703125 0.5484375 0.053125 0.0546875
0 0.73125 0.57109375 0.0375 0.0484375
0 0.69375 0.5765625 0.0515625 0.0453125
0 0.625 0.5984375 0.053125 0.0515625
0 0.5 0.62734375 0.05625 0.0625
0 0.4421875 0.6515625 0.0421875 0.0515625
0 0.846875 0.5390625 0.0328125 0.0359375
0 0.58203125 0.6078125 0.0421875 0.0484375
0 0.33359375 0.6234375 0.0453125 0.0484375
0 0.278125 0.63828125 0.0515625 0.0546875
0 0.19453125 0.64609375 0.0390625 0.046875
0 0.1375 0.6546875 0.0515625 0.0609375
0 0.0921875 0.6515625 0.0453125 0.0515625
0 0.39296875 0.60859375 0.0328125 0.0390625