0 0.92734375 0.55234375 0.05625 0.0515625
0 0.86953125 0.5796875 0.040625 0.0421875
0 0.771875 0.5625 0.05625 0.05625
0 0.69453125 0.58359375 0.040625 0.0484375
0 0.65703125 0.5890625 0.0546875 0.046875
0 0.58671875 0.609375 0.05625 0.053125
0 0.46015625 0.6359375 0.0609375 0.0640625
0 0.40078125 0.659375 0.0453125 0.053125
0 0.8125 0.55390625 0.034375 0.0359375
0 0.54296875 0.61796875 0.0453125 0.0484375
0 0.29375 0.62890625 0.0484375 0.05
0 0.2375 0.64296875 0.0546875 0.05625
0 0.153125 0.64921875 0.0421875 0.046875
0 0.0953125 0.65703125 0.0546875 0.0625
0 0.05078125 0.653125 0.0484375 0.053125
0 0.35390625 0.615625 0.0359375 0.040625