0 0.07109375 0.40546875 0.0453125 0.0453125
0 0.13203125 0.38515625 0.0296875 0.0390625
0 0.22734375 0.41328125 0.04375 0.05
0 0.30625 0.4 0.0296875 0.0453125
0 0.34453125 0.39921875 0.04375 0.0390625
0 0.41640625 0.38671875 0.046875 0.046875
0 0.5453125 0.37421875 0.0484375 0.059375
0 0.60703125 0.3578125 0.0328125 0.0484375
0 0.1859375 0.4171875 0.028125 0.034375
0 0.4609375 0.38359375 0.0359375 0.04375
0 0.709375 0.4 0.0390625 0.0453125
0 0.7671875 0.3921875 0.04375 0.05
0 0.8515625 0.39453125 0.0328125 0.0421875
0 0.909375 0.39375 0.0421875 0.05625
0 0.95390625 0.4015625 0.0359375 0.0484375
0 0.6484375 0.40703125 0.028125 0.0390625