0 0.5359375 0.09375 0.0546875 0.0546875
0 0.5671875 0.153125 0.046875 0.0390625
0 0.55625 0.25078125 0.059375 0.05625
0 0.58203125 0.32890625 0.053125 0.0390625
0 0.58984375 0.36640625 0.05 0.0515625
0 0.6140625 0.43828125 0.05625 0.0546875
0 0.64921875 0.565625 0.06875 0.0609375
0 0.6765625 0.62734375 0.05625 0.0421875
0 0.5453125 0.209375 0.040625 0.0359375
0 0.625 0.4828125 0.053125 0.0453125
0 0.653125 0.7328125 0.053125 0.046875
0 0.6703125 0.790625 0.059375 0.0546875
0 0.6828125 0.875 0.05 0.040625
0 0.69375 0.9328125 0.065625 0.0546875
0 0.69296875 0.97734375 0.0578125 0.0453125
0 0.63515625 0.671875 0.04375 0.0359375