0 0.06640625 0.41015625 0.0453125 0.0484375
0 0.12734375 0.39375 0.0296875 0.040625
0 0.22265625 0.428125 0.04375 0.053125
0 0.3015625 0.41953125 0.0296875 0.046875
0 0.33984375 0.42109375 0.04375 0.0421875
0 0.41171875 0.41328125 0.046875 0.0484375
0 0.540625 0.409375 0.0484375 0.0609375
0 0.603125 0.396875 0.0328125 0.05
0 0.18125 0.42890625 0.028125 0.0359375
0 0.45625 0.41328125 0.0359375 0.0453125
0 0.7046875 0.4453125 0.0390625 0.0484375
0 0.7625 0.44140625 0.04375 0.053125
0 0.846875 0.44921875 0.0328125 0.04375
0 0.9046875 0.45234375 0.0421875 0.059375
0 0.94921875 0.4625 0.0359375 0.05
0 0.64375 0.4484375 0.028125 0.040625