0 0.540625 0.05 0.05625 0.0515625
0 0.57578125 0.10703125 0.046875 0.0359375
0 0.571875 0.20546875 0.0609375 0.0515625
0 0.60390625 0.28046875 0.053125 0.0359375
0 0.61484375 0.31796875 0.0515625 0.0484375
0 0.64375 0.3875 0.0578125 0.0515625
0 0.68828125 0.51171875 0.0703125 0.0578125
0 0.7203125 0.57109375 0.05625 0.0390625
0 0.5578125 0.16484375 0.0421875 0.0328125
0 0.6578125 0.43125 0.053125 0.0421875
0 0.7046875 0.678125 0.0546875 0.04375
0 0.7265625 0.734375 0.0609375 0.05
0 0.7453125 0.81796875 0.05 0.0375
0 0.76015625 0.87421875 0.0671875 0.05
0 0.76328125 0.91953125 0.0578125 0.04375
0 0.6828125 0.61875 0.0453125 0.0328125