0 0.5375 0.05625 0.0546875 0.0515625
0 0.56953125 0.11328125 0.0453125 0.0359375
0 0.5609375 0.21171875 0.0578125 0.0515625
0 0.5890625 0.2875 0.0515625 0.0359375
0 0.59765625 0.325 0.0484375 0.0484375
0 0.6234375 0.39453125 0.0546875 0.0515625
0 0.6609375 0.51953125 0.0671875 0.05625
0 0.68984375 0.57890625 0.0546875 0.0390625
0 0.54921875 0.17109375 0.040625 0.0328125
0 0.63515625 0.43828125 0.0515625 0.0421875
0 0.66875 0.6859375 0.0515625 0.04375
0 0.6875 0.7421875 0.0578125 0.05
0 0.70234375 0.82578125 0.0484375 0.0375
0 0.7140625 0.8828125 0.0640625 0.05
0 0.71484375 0.928125 0.05625 0.04375
0 0.65 0.6265625 0.04375 0.0328125