0 0.07578125 0.40234375 0.0453125 0.046875
0 0.13671875 0.37890625 0.0296875 0.040625
0 0.23203125 0.40234375 0.04375 0.0515625
0 0.3109375 0.3859375 0.0296875 0.046875
0 0.34921875 0.3828125 0.04375 0.0421875
0 0.42109375 0.3671875 0.046875 0.0484375
0 0.55 0.3484375 0.0484375 0.0609375
0 0.6109375 0.3296875 0.0328125 0.05
0 0.190625 0.40859375 0.028125 0.034375
0 0.465625 0.3625 0.0359375 0.0453125
0 0.7140625 0.3671875 0.0390625 0.046875
0 0.771875 0.35625 0.04375 0.0515625
0 0.85625 0.3546875 0.0328125 0.04375
0 0.9140625 0.3515625 0.0421875 0.0578125
0 0.95859375 0.35703125 0.0359375 0.05
0 0.653125 0.3765625 0.028125 0.040625