0 0.93359375 0.603125 0.0546875 0.053125
0 0.87578125 0.62734375 0.0390625 0.0453125
0 0.778125 0.6046875 0.0546875 0.0578125
0 0.7015625 0.621875 0.040625 0.0515625
0 0.66328125 0.625 0.0546875 0.0484375
0 0.59375 0.6421875 0.0546875 0.0546875
0 0.4671875 0.6625 0.059375 0.0671875
0 0.4078125 0.6828125 0.04375 0.0546875
0 0.81875 0.5984375 0.034375 0.0375
0 0.55 0.6484375 0.0453125 0.05
0 0.30078125 0.646875 0.0484375 0.0515625
0 0.24453125 0.6578125 0.0546875 0.0578125
0 0.1609375 0.659375 0.0421875 0.0484375
0 0.103125 0.6640625 0.0546875 0.0640625
0 0.0578125 0.6578125 0.0484375 0.05625
0 0.3609375 0.6359375 0.034375 0.0421875